{
 "cells": [
  {
   "cell_type": "markdown",
   "metadata": {},
   "source": [
    "\n",
    "### This Lab is open from 10/13 at 6 am to 10/16 at 11:59 pm CST"
   ]
  },
  {
   "cell_type": "code",
   "execution_count": 1,
   "metadata": {},
   "outputs": [],
   "source": [
    "import pandas as pd\n",
    "import numpy as np\n",
    "import matplotlib as mpt\n",
    "import matplotlib.pyplot as plt\n",
    "import seaborn as sns \n",
    "import statsmodels.api as sm\n",
    "uc = pd.read_csv('uscrime.txt', delimiter ='\\t')"
   ]
  },
  {
   "cell_type": "markdown",
   "metadata": {},
   "source": [
    "# Problem 1 [20]\n",
    "This data has 16 variables. Crime is the dependent variable. Starting with all the independent variables, find a linear regression model that has only six significant variables while keeping $R^2\\geq 75\\%$."
   ]
  },
  {
   "cell_type": "code",
   "execution_count": 2,
   "metadata": {},
   "outputs": [
    {
     "data": {
      "text/html": [
       "<div>\n",
       "<style scoped>\n",
       "    .dataframe tbody tr th:only-of-type {\n",
       "        vertical-align: middle;\n",
       "    }\n",
       "\n",
       "    .dataframe tbody tr th {\n",
       "        vertical-align: top;\n",
       "    }\n",
       "\n",
       "    .dataframe thead th {\n",
       "        text-align: right;\n",
       "    }\n",
       "</style>\n",
       "<table border=\"1\" class=\"dataframe\">\n",
       "  <thead>\n",
       "    <tr style=\"text-align: right;\">\n",
       "      <th></th>\n",
       "      <th>M</th>\n",
       "      <th>So</th>\n",
       "      <th>Ed</th>\n",
       "      <th>Po1</th>\n",
       "      <th>Po2</th>\n",
       "      <th>LF</th>\n",
       "      <th>M.F</th>\n",
       "      <th>Pop</th>\n",
       "      <th>NW</th>\n",
       "      <th>U1</th>\n",
       "      <th>U2</th>\n",
       "      <th>Wealth</th>\n",
       "      <th>Ineq</th>\n",
       "      <th>Prob</th>\n",
       "      <th>Time</th>\n",
       "      <th>Crime</th>\n",
       "    </tr>\n",
       "  </thead>\n",
       "  <tbody>\n",
       "    <tr>\n",
       "      <th>M</th>\n",
       "      <td>1.000000</td>\n",
       "      <td>0.584355</td>\n",
       "      <td>-0.530240</td>\n",
       "      <td>-0.505737</td>\n",
       "      <td>-0.513173</td>\n",
       "      <td>-0.160949</td>\n",
       "      <td>-0.028680</td>\n",
       "      <td>-0.280638</td>\n",
       "      <td>0.593198</td>\n",
       "      <td>-0.224381</td>\n",
       "      <td>-0.244843</td>\n",
       "      <td>-0.670055</td>\n",
       "      <td>0.639211</td>\n",
       "      <td>0.361116</td>\n",
       "      <td>0.114511</td>\n",
       "      <td>-0.089472</td>\n",
       "    </tr>\n",
       "    <tr>\n",
       "      <th>So</th>\n",
       "      <td>0.584355</td>\n",
       "      <td>1.000000</td>\n",
       "      <td>-0.702741</td>\n",
       "      <td>-0.372636</td>\n",
       "      <td>-0.376168</td>\n",
       "      <td>-0.505469</td>\n",
       "      <td>-0.314733</td>\n",
       "      <td>-0.049918</td>\n",
       "      <td>0.767103</td>\n",
       "      <td>-0.172419</td>\n",
       "      <td>0.071693</td>\n",
       "      <td>-0.636945</td>\n",
       "      <td>0.737181</td>\n",
       "      <td>0.530862</td>\n",
       "      <td>0.066813</td>\n",
       "      <td>-0.090637</td>\n",
       "    </tr>\n",
       "    <tr>\n",
       "      <th>Ed</th>\n",
       "      <td>-0.530240</td>\n",
       "      <td>-0.702741</td>\n",
       "      <td>1.000000</td>\n",
       "      <td>0.482952</td>\n",
       "      <td>0.499410</td>\n",
       "      <td>0.561178</td>\n",
       "      <td>0.436915</td>\n",
       "      <td>-0.017227</td>\n",
       "      <td>-0.664882</td>\n",
       "      <td>0.018103</td>\n",
       "      <td>-0.215682</td>\n",
       "      <td>0.735997</td>\n",
       "      <td>-0.768658</td>\n",
       "      <td>-0.389923</td>\n",
       "      <td>-0.253974</td>\n",
       "      <td>0.322835</td>\n",
       "    </tr>\n",
       "    <tr>\n",
       "      <th>Po1</th>\n",
       "      <td>-0.505737</td>\n",
       "      <td>-0.372636</td>\n",
       "      <td>0.482952</td>\n",
       "      <td>1.000000</td>\n",
       "      <td>0.993586</td>\n",
       "      <td>0.121493</td>\n",
       "      <td>0.033760</td>\n",
       "      <td>0.526284</td>\n",
       "      <td>-0.213709</td>\n",
       "      <td>-0.043698</td>\n",
       "      <td>0.185093</td>\n",
       "      <td>0.787225</td>\n",
       "      <td>-0.630500</td>\n",
       "      <td>-0.473247</td>\n",
       "      <td>0.103358</td>\n",
       "      <td>0.687604</td>\n",
       "    </tr>\n",
       "    <tr>\n",
       "      <th>Po2</th>\n",
       "      <td>-0.513173</td>\n",
       "      <td>-0.376168</td>\n",
       "      <td>0.499410</td>\n",
       "      <td>0.993586</td>\n",
       "      <td>1.000000</td>\n",
       "      <td>0.106350</td>\n",
       "      <td>0.022843</td>\n",
       "      <td>0.513789</td>\n",
       "      <td>-0.218768</td>\n",
       "      <td>-0.051712</td>\n",
       "      <td>0.169224</td>\n",
       "      <td>0.794262</td>\n",
       "      <td>-0.648152</td>\n",
       "      <td>-0.473027</td>\n",
       "      <td>0.075627</td>\n",
       "      <td>0.666714</td>\n",
       "    </tr>\n",
       "    <tr>\n",
       "      <th>LF</th>\n",
       "      <td>-0.160949</td>\n",
       "      <td>-0.505469</td>\n",
       "      <td>0.561178</td>\n",
       "      <td>0.121493</td>\n",
       "      <td>0.106350</td>\n",
       "      <td>1.000000</td>\n",
       "      <td>0.513559</td>\n",
       "      <td>-0.123672</td>\n",
       "      <td>-0.341214</td>\n",
       "      <td>-0.229400</td>\n",
       "      <td>-0.420762</td>\n",
       "      <td>0.294632</td>\n",
       "      <td>-0.269886</td>\n",
       "      <td>-0.250086</td>\n",
       "      <td>-0.123640</td>\n",
       "      <td>0.188866</td>\n",
       "    </tr>\n",
       "    <tr>\n",
       "      <th>M.F</th>\n",
       "      <td>-0.028680</td>\n",
       "      <td>-0.314733</td>\n",
       "      <td>0.436915</td>\n",
       "      <td>0.033760</td>\n",
       "      <td>0.022843</td>\n",
       "      <td>0.513559</td>\n",
       "      <td>1.000000</td>\n",
       "      <td>-0.410628</td>\n",
       "      <td>-0.327305</td>\n",
       "      <td>0.351892</td>\n",
       "      <td>-0.018692</td>\n",
       "      <td>0.179609</td>\n",
       "      <td>-0.167089</td>\n",
       "      <td>-0.050858</td>\n",
       "      <td>-0.427697</td>\n",
       "      <td>0.213914</td>\n",
       "    </tr>\n",
       "    <tr>\n",
       "      <th>Pop</th>\n",
       "      <td>-0.280638</td>\n",
       "      <td>-0.049918</td>\n",
       "      <td>-0.017227</td>\n",
       "      <td>0.526284</td>\n",
       "      <td>0.513789</td>\n",
       "      <td>-0.123672</td>\n",
       "      <td>-0.410628</td>\n",
       "      <td>1.000000</td>\n",
       "      <td>0.095153</td>\n",
       "      <td>-0.038120</td>\n",
       "      <td>0.270422</td>\n",
       "      <td>0.308263</td>\n",
       "      <td>-0.126294</td>\n",
       "      <td>-0.347289</td>\n",
       "      <td>0.464210</td>\n",
       "      <td>0.337474</td>\n",
       "    </tr>\n",
       "    <tr>\n",
       "      <th>NW</th>\n",
       "      <td>0.593198</td>\n",
       "      <td>0.767103</td>\n",
       "      <td>-0.664882</td>\n",
       "      <td>-0.213709</td>\n",
       "      <td>-0.218768</td>\n",
       "      <td>-0.341214</td>\n",
       "      <td>-0.327305</td>\n",
       "      <td>0.095153</td>\n",
       "      <td>1.000000</td>\n",
       "      <td>-0.156450</td>\n",
       "      <td>0.080908</td>\n",
       "      <td>-0.590107</td>\n",
       "      <td>0.677313</td>\n",
       "      <td>0.428059</td>\n",
       "      <td>0.230398</td>\n",
       "      <td>0.032599</td>\n",
       "    </tr>\n",
       "    <tr>\n",
       "      <th>U1</th>\n",
       "      <td>-0.224381</td>\n",
       "      <td>-0.172419</td>\n",
       "      <td>0.018103</td>\n",
       "      <td>-0.043698</td>\n",
       "      <td>-0.051712</td>\n",
       "      <td>-0.229400</td>\n",
       "      <td>0.351892</td>\n",
       "      <td>-0.038120</td>\n",
       "      <td>-0.156450</td>\n",
       "      <td>1.000000</td>\n",
       "      <td>0.745925</td>\n",
       "      <td>0.044857</td>\n",
       "      <td>-0.063832</td>\n",
       "      <td>-0.007469</td>\n",
       "      <td>-0.169853</td>\n",
       "      <td>-0.050478</td>\n",
       "    </tr>\n",
       "    <tr>\n",
       "      <th>U2</th>\n",
       "      <td>-0.244843</td>\n",
       "      <td>0.071693</td>\n",
       "      <td>-0.215682</td>\n",
       "      <td>0.185093</td>\n",
       "      <td>0.169224</td>\n",
       "      <td>-0.420762</td>\n",
       "      <td>-0.018692</td>\n",
       "      <td>0.270422</td>\n",
       "      <td>0.080908</td>\n",
       "      <td>0.745925</td>\n",
       "      <td>1.000000</td>\n",
       "      <td>0.092072</td>\n",
       "      <td>0.015678</td>\n",
       "      <td>-0.061592</td>\n",
       "      <td>0.101358</td>\n",
       "      <td>0.177321</td>\n",
       "    </tr>\n",
       "    <tr>\n",
       "      <th>Wealth</th>\n",
       "      <td>-0.670055</td>\n",
       "      <td>-0.636945</td>\n",
       "      <td>0.735997</td>\n",
       "      <td>0.787225</td>\n",
       "      <td>0.794262</td>\n",
       "      <td>0.294632</td>\n",
       "      <td>0.179609</td>\n",
       "      <td>0.308263</td>\n",
       "      <td>-0.590107</td>\n",
       "      <td>0.044857</td>\n",
       "      <td>0.092072</td>\n",
       "      <td>1.000000</td>\n",
       "      <td>-0.883997</td>\n",
       "      <td>-0.555335</td>\n",
       "      <td>0.000649</td>\n",
       "      <td>0.441320</td>\n",
       "    </tr>\n",
       "    <tr>\n",
       "      <th>Ineq</th>\n",
       "      <td>0.639211</td>\n",
       "      <td>0.737181</td>\n",
       "      <td>-0.768658</td>\n",
       "      <td>-0.630500</td>\n",
       "      <td>-0.648152</td>\n",
       "      <td>-0.269886</td>\n",
       "      <td>-0.167089</td>\n",
       "      <td>-0.126294</td>\n",
       "      <td>0.677313</td>\n",
       "      <td>-0.063832</td>\n",
       "      <td>0.015678</td>\n",
       "      <td>-0.883997</td>\n",
       "      <td>1.000000</td>\n",
       "      <td>0.465322</td>\n",
       "      <td>0.101823</td>\n",
       "      <td>-0.179024</td>\n",
       "    </tr>\n",
       "    <tr>\n",
       "      <th>Prob</th>\n",
       "      <td>0.361116</td>\n",
       "      <td>0.530862</td>\n",
       "      <td>-0.389923</td>\n",
       "      <td>-0.473247</td>\n",
       "      <td>-0.473027</td>\n",
       "      <td>-0.250086</td>\n",
       "      <td>-0.050858</td>\n",
       "      <td>-0.347289</td>\n",
       "      <td>0.428059</td>\n",
       "      <td>-0.007469</td>\n",
       "      <td>-0.061592</td>\n",
       "      <td>-0.555335</td>\n",
       "      <td>0.465322</td>\n",
       "      <td>1.000000</td>\n",
       "      <td>-0.436246</td>\n",
       "      <td>-0.427422</td>\n",
       "    </tr>\n",
       "    <tr>\n",
       "      <th>Time</th>\n",
       "      <td>0.114511</td>\n",
       "      <td>0.066813</td>\n",
       "      <td>-0.253974</td>\n",
       "      <td>0.103358</td>\n",
       "      <td>0.075627</td>\n",
       "      <td>-0.123640</td>\n",
       "      <td>-0.427697</td>\n",
       "      <td>0.464210</td>\n",
       "      <td>0.230398</td>\n",
       "      <td>-0.169853</td>\n",
       "      <td>0.101358</td>\n",
       "      <td>0.000649</td>\n",
       "      <td>0.101823</td>\n",
       "      <td>-0.436246</td>\n",
       "      <td>1.000000</td>\n",
       "      <td>0.149866</td>\n",
       "    </tr>\n",
       "    <tr>\n",
       "      <th>Crime</th>\n",
       "      <td>-0.089472</td>\n",
       "      <td>-0.090637</td>\n",
       "      <td>0.322835</td>\n",
       "      <td>0.687604</td>\n",
       "      <td>0.666714</td>\n",
       "      <td>0.188866</td>\n",
       "      <td>0.213914</td>\n",
       "      <td>0.337474</td>\n",
       "      <td>0.032599</td>\n",
       "      <td>-0.050478</td>\n",
       "      <td>0.177321</td>\n",
       "      <td>0.441320</td>\n",
       "      <td>-0.179024</td>\n",
       "      <td>-0.427422</td>\n",
       "      <td>0.149866</td>\n",
       "      <td>1.000000</td>\n",
       "    </tr>\n",
       "  </tbody>\n",
       "</table>\n",
       "</div>"
      ],
      "text/plain": [
       "               M        So        Ed       Po1       Po2        LF       M.F  \\\n",
       "M       1.000000  0.584355 -0.530240 -0.505737 -0.513173 -0.160949 -0.028680   \n",
       "So      0.584355  1.000000 -0.702741 -0.372636 -0.376168 -0.505469 -0.314733   \n",
       "Ed     -0.530240 -0.702741  1.000000  0.482952  0.499410  0.561178  0.436915   \n",
       "Po1    -0.505737 -0.372636  0.482952  1.000000  0.993586  0.121493  0.033760   \n",
       "Po2    -0.513173 -0.376168  0.499410  0.993586  1.000000  0.106350  0.022843   \n",
       "LF     -0.160949 -0.505469  0.561178  0.121493  0.106350  1.000000  0.513559   \n",
       "M.F    -0.028680 -0.314733  0.436915  0.033760  0.022843  0.513559  1.000000   \n",
       "Pop    -0.280638 -0.049918 -0.017227  0.526284  0.513789 -0.123672 -0.410628   \n",
       "NW      0.593198  0.767103 -0.664882 -0.213709 -0.218768 -0.341214 -0.327305   \n",
       "U1     -0.224381 -0.172419  0.018103 -0.043698 -0.051712 -0.229400  0.351892   \n",
       "U2     -0.244843  0.071693 -0.215682  0.185093  0.169224 -0.420762 -0.018692   \n",
       "Wealth -0.670055 -0.636945  0.735997  0.787225  0.794262  0.294632  0.179609   \n",
       "Ineq    0.639211  0.737181 -0.768658 -0.630500 -0.648152 -0.269886 -0.167089   \n",
       "Prob    0.361116  0.530862 -0.389923 -0.473247 -0.473027 -0.250086 -0.050858   \n",
       "Time    0.114511  0.066813 -0.253974  0.103358  0.075627 -0.123640 -0.427697   \n",
       "Crime  -0.089472 -0.090637  0.322835  0.687604  0.666714  0.188866  0.213914   \n",
       "\n",
       "             Pop        NW        U1        U2    Wealth      Ineq      Prob  \\\n",
       "M      -0.280638  0.593198 -0.224381 -0.244843 -0.670055  0.639211  0.361116   \n",
       "So     -0.049918  0.767103 -0.172419  0.071693 -0.636945  0.737181  0.530862   \n",
       "Ed     -0.017227 -0.664882  0.018103 -0.215682  0.735997 -0.768658 -0.389923   \n",
       "Po1     0.526284 -0.213709 -0.043698  0.185093  0.787225 -0.630500 -0.473247   \n",
       "Po2     0.513789 -0.218768 -0.051712  0.169224  0.794262 -0.648152 -0.473027   \n",
       "LF     -0.123672 -0.341214 -0.229400 -0.420762  0.294632 -0.269886 -0.250086   \n",
       "M.F    -0.410628 -0.327305  0.351892 -0.018692  0.179609 -0.167089 -0.050858   \n",
       "Pop     1.000000  0.095153 -0.038120  0.270422  0.308263 -0.126294 -0.347289   \n",
       "NW      0.095153  1.000000 -0.156450  0.080908 -0.590107  0.677313  0.428059   \n",
       "U1     -0.038120 -0.156450  1.000000  0.745925  0.044857 -0.063832 -0.007469   \n",
       "U2      0.270422  0.080908  0.745925  1.000000  0.092072  0.015678 -0.061592   \n",
       "Wealth  0.308263 -0.590107  0.044857  0.092072  1.000000 -0.883997 -0.555335   \n",
       "Ineq   -0.126294  0.677313 -0.063832  0.015678 -0.883997  1.000000  0.465322   \n",
       "Prob   -0.347289  0.428059 -0.007469 -0.061592 -0.555335  0.465322  1.000000   \n",
       "Time    0.464210  0.230398 -0.169853  0.101358  0.000649  0.101823 -0.436246   \n",
       "Crime   0.337474  0.032599 -0.050478  0.177321  0.441320 -0.179024 -0.427422   \n",
       "\n",
       "            Time     Crime  \n",
       "M       0.114511 -0.089472  \n",
       "So      0.066813 -0.090637  \n",
       "Ed     -0.253974  0.322835  \n",
       "Po1     0.103358  0.687604  \n",
       "Po2     0.075627  0.666714  \n",
       "LF     -0.123640  0.188866  \n",
       "M.F    -0.427697  0.213914  \n",
       "Pop     0.464210  0.337474  \n",
       "NW      0.230398  0.032599  \n",
       "U1     -0.169853 -0.050478  \n",
       "U2      0.101358  0.177321  \n",
       "Wealth  0.000649  0.441320  \n",
       "Ineq    0.101823 -0.179024  \n",
       "Prob   -0.436246 -0.427422  \n",
       "Time    1.000000  0.149866  \n",
       "Crime   0.149866  1.000000  "
      ]
     },
     "execution_count": 2,
     "metadata": {},
     "output_type": "execute_result"
    }
   ],
   "source": [
    "uc.corr(method='pearson')"
   ]
  },
  {
   "cell_type": "markdown",
   "metadata": {},
   "source": [
    "# Problem 2  [15]\n",
    "Filter the uc data with only the columns you found in problem 1 and the Crime column. Now split the data to testing and training following 75%, 25% rule. Use training data to train the linear model and report $R^2$ and adjusted $R^2$. How do these compare with the $R^2$ and adjusted $R^2$ from problem 1? Explain why there is a difference in these numbers if any."
   ]
  },
  {
   "cell_type": "markdown",
   "metadata": {},
   "source": [
    "# Problem 3 [15]\n",
    "Use the model from problem 2 to predict crime values. Compare and comment between predicted crimes and actual crime numbers. Find $R^2$ and adjusted $R^2$ for the test data. Compare and comment with the $R^2$ and adjusted $R^2$ from the model in problem 2."
   ]
  }
 ],
 "metadata": {
  "kernelspec": {
   "display_name": "Python 3",
   "language": "python",
   "name": "python3"
  },
  "language_info": {
   "codemirror_mode": {
    "name": "ipython",
    "version": 3
   },
   "file_extension": ".py",
   "mimetype": "text/x-python",
   "name": "python",
   "nbconvert_exporter": "python",
   "pygments_lexer": "ipython3",
   "version": "3.8.3"
  }
 },
 "nbformat": 4,
 "nbformat_minor": 2
}
